(238, 42036)
(25, 29981)
(89, 24814)
(157, 23975)
(39, 23091)
(35, 22647)
(360, 22484)
(53, 21689)
(122, 20910)
(11, 20515)
(-1, 19757)
(350, 19437)
(777, 19277)
(17, 18448)
(64, 16784)
(67, 15297)
(234, 14965)
(711, 14701)
(104, 14451)
(7, 14092)
(141, 13021)
(166, 12783)
(117, 12660)
(55, 11009)
(555, 10319)
(223, 10140)
(875, 9850)
(114, 9433)
(101, 9271)
(56, 9257)
(99, 9233)
(164, 9017)
(51, 8969)
(84, 8696)
(91, 8242)
(111, 7905)
(517, 7829)
(81, 7757)
(105, 7566)
(32, 7527)
(63, 7511)
(54, 7463)
(23, 7248)
(28, 7174)
(121, 7142)
(412, 6801)
(120, 6585)
(236, 6461)
(18, 6446)
(21, 6300)
(5, 6142)
(82, 5965)
(131, 5736)
(119, 5717)
(202, 5697)
(235, 5684)
(887, 5661)
(38, 5384)
(245, 5285)
(145, 5048)
(75, 4992)
(24, 4928)
(112, 4817)
(60, 4743)
(86, 4719)
(36, 4609)
(77, 4498)
(19, 4120)
(420, 4089)
(34, 4013)
(80, 3784)
(90, 3699)
(147, 3642)
(33, 3581)
(50, 3517)
(58, 3330)
(6, 3311)
(22, 3157)
(266, 3133)
(8, 3106)
(222, 3037)
(246, 2799)
(29, 2743)
(106, 2734)
(143, 2713)
(115, 2599)
(254, 2434)
(267, 2405)
(498, 2315)
(2, 2192)
(83, 2186)
(9, 2144)
(78, 1922)
(16, 1900)
(62, 1850)
(523, 1841)
(20, 1836)
(150, 1799)
(526, 1775)
(92, 1716)
(876, 1710)
(1, 1683)
(126, 1662)
(59, 1657)
(203, 1630)
(107, 1627)
(12, 1612)
(48, 1598)
(74, 1513)
(31, 1500)
(45, 1499)
(103, 1482)
(154, 1450)
(76, 1450)
(98, 1448)
(142, 1419)
(69, 1416)
(10, 1276)
(15, 1143)
(133, 1137)
(41, 1128)
(30, 1099)
(3, 1078)
(68, 1016)
(421, 895)
(85, 839)
(240, 810)
(161, 804)
(134, 802)
(26, 782)
(96, 765)
(57, 760)
(43, 733)
(516, 672)
(518, 622)
(14, 607)
(127, 590)
(102, 511)
(110, 501)
(13, 498)
(4, 457)
(432, 453)
(201, 432)
(427, 406)
(61, 372)
(42, 363)
(497, 360)
(429, 353)
(37, 337)
(27, 329)
(163, 320)
(79, 258)
(136, 249)
(113, 241)
(40, 232)
(72, 224)
(268, 219)
(44, 145)
(256, 2)