(0, 266574)
(3006, 93914)
(3047, 91628)
(3020, 88941)
(3158, 70037)
(3157, 59120)
(2055, 56320)
(1055, 56165)
(2031, 53177)
(3111, 46401)
(3853, 45615)
(6673, 42488)
(6676, 40528)
(6672, 37693)
(1036, 35829)
(3053, 34757)
(6655, 34559)
(3031, 34203)
(6632, 32953)
(3075, 30897)
(6630, 27026)
(6653, 26980)
(6671, 26763)
(1028, 26074)
(3153, 24095)
(1052, 23850)
(1056, 21117)
(1037, 21044)
(3117, 20819)
(3165, 20507)
(3067, 19163)
(6692, 19108)
(1082, 18884)
(3076, 18829)
(1058, 18760)
(3860, 18711)
(3190, 18530)
(1038, 18443)
(2033, 18342)
(1054, 18331)
(3142, 17909)
(1018, 17831)
(6691, 17829)
(3152, 17632)
(3133, 17294)
(1029, 17196)
(3089, 16667)
(3026, 16502)
(3042, 16244)
(3009, 16206)
(3916, 15918)
(1011, 15733)
(3134, 15726)
(3094, 15648)
(3033, 15411)
(3036, 15298)
(1026, 15005)
(3071, 14708)
(6333, 14690)
(3115, 14682)
(3508, 14552)
(6656, 14083)
(3091, 13671)
(3046, 13365)
(3041, 13269)
(3068, 13040)
(3742, 12880)
(6694, 12786)
(4637, 12667)
(3135, 12424)
(4629, 12349)
(2421, 12048)
(4633, 11974)
(2420, 11682)
(2065, 11625)
(4628, 11605)
(3123, 11459)
(6662, 11305)
(3857, 10966)
(6631, 10935)
(3072, 10868)
(1031, 10827)
(3044, 10577)
(3065, 10473)
(3085, 10473)
(3124, 10454)
(3108, 10449)
(1042, 10417)
(3100, 10244)
(1053, 10232)
(1001, 9889)
(3748, 9836)
(4636, 9716)
(6617, 9441)
(3078, 9041)
(3070, 8971)
(3011, 8460)
(3035, 8429)
(3086, 8411)
(3814, 8315)
(3110, 8061)
(3040, 8041)
(3191, 7726)
(3074, 7614)
(2003, 7326)
(1033, 6945)
(3050, 6905)
(1057, 6831)
(3114, 6612)
(6693, 6593)
(6695, 6169)
(3001, 6138)
(3143, 6035)
(3066, 5806)
(3077, 5650)
(3095, 5494)
(3504, 5418)
(4005, 5397)
(3145, 5336)
(3116, 5108)
(6664, 5058)
(4630, 5028)
(3082, 5006)
(6616, 4913)
(6609, 4739)
(3057, 4694)
(6696, 4571)
(4644, 4507)
(4645, 4447)
(3859, 4304)
(3211, 4199)
(4401, 4171)
(1043, 4125)
(3102, 4032)
(3024, 3912)
(3109, 3830)
(3181, 3781)
(3864, 3736)
(3107, 3061)
(3193, 2989)
(3179, 2975)
(3051, 2961)
(3083, 2842)
(3801, 2710)
(3855, 2701)
(3113, 2655)
(3105, 2592)
(1004, 2566)
(2015, 2405)
(3802, 2372)
(6675, 2268)
(2424, 2230)
(8001, 2222)
(2422, 2196)
(3140, 2145)
(3851, 2022)
(4642, 2004)
(6677, 1995)
(6670, 1985)
(3222, 1913)
(3156, 1909)
(3004, 1883)
(2010, 1729)
(3121, 1586)
(3139, 1476)
(4643, 1383)
(4632, 1351)
(1083, 1167)
(6660, 1118)
(1006, 901)
(3155, 864)
(1027, 845)
(7004, 796)
(6029, 778)
(2423, 692)
(3850, 677)
(1035, 641)
(4635, 637)
(7005, 529)
(3003, 527)
(1039, 526)
(8020, 490)
(6035, 464)
(3119, 447)
(3858, 427)
(7008, 384)
(7007, 347)
(7013, 300)
(3400, 284)
(7006, 255)
(3854, 252)
(7012, 210)
(4638, 193)
(7003, 172)
(7011, 167)
(7017, 162)
(2419, 160)
(7001, 140)
(7015, 138)
(7002, 137)
(7019, 129)
(3863, 98)
(2140, 97)
(7014, 92)
(7010, 87)
(2139, 81)
(2403, 80)
(3862, 64)
(7021, 59)
(7020, 52)
(7000, 49)
(7009, 41)
(7022, 41)
(7024, 41)
(2138, 40)
(7018, 34)
(7023, 34)
(7016, 27)
(4641, 7)
(3599, 3)
(3600, 1)