(0, 617576)
(3006, 184238)
(3047, 184067)
(3020, 172274)
(3158, 136464)
(2055, 117526)
(1055, 116358)
(2031, 116321)
(3157, 109605)
(3111, 90447)
(3853, 86903)
(1036, 84101)
(6673, 81168)
(6672, 73852)
(6676, 72688)
(6655, 67028)
(6632, 63938)
(3053, 60282)
(1028, 58586)
(3031, 57547)
(3075, 56370)
(6630, 53708)
(6671, 52795)
(1052, 52786)
(6653, 51926)
(3153, 44693)
(1037, 44146)
(1056, 44128)
(3067, 42572)
(1018, 41681)
(3117, 40989)
(3076, 40048)
(3165, 39269)
(2033, 38537)
(1029, 38439)
(1054, 38348)
(6692, 38016)
(1082, 37269)
(3133, 37056)
(3860, 35830)
(6691, 35602)
(3190, 35262)
(3916, 35049)
(3134, 35025)
(3152, 34477)
(3142, 33368)
(1058, 33307)
(1026, 32128)
(1011, 31562)
(3009, 31369)
(1038, 30943)
(3042, 30741)
(1001, 29253)
(3033, 28989)
(6656, 28197)
(3036, 28028)
(3094, 28015)
(3089, 27505)
(3115, 27466)
(3508, 27084)
(3123, 26918)
(3026, 26635)
(3071, 26442)
(3068, 25220)
(1042, 25204)
(6333, 25169)
(3091, 23669)
(3044, 23612)
(3046, 23557)
(4633, 23142)
(1053, 23053)
(3108, 22744)
(3135, 22550)
(2421, 22512)
(6694, 22458)
(2065, 22393)
(3070, 22380)
(3742, 22183)
(4637, 22176)
(1031, 21749)
(6662, 21744)
(2420, 21706)
(3857, 21573)
(4629, 21546)
(4628, 20810)
(6631, 20583)
(4636, 19160)
(3085, 19043)
(3065, 18555)
(3072, 18375)
(6617, 18353)
(3124, 18204)
(3100, 18081)
(3191, 17310)
(3078, 17247)
(3086, 17086)
(3748, 17046)
(3035, 16967)
(3041, 16814)
(2003, 16496)
(1033, 15285)
(3011, 15175)
(3040, 14725)
(3814, 14517)
(3110, 14132)
(1057, 13906)
(3074, 13199)
(6693, 13113)
(3114, 12204)
(3145, 11858)
(3050, 11668)
(3066, 11533)
(6695, 11526)
(3057, 11454)
(3001, 11111)
(3143, 10881)
(3077, 10725)
(4005, 10290)
(3095, 9960)
(3082, 9932)
(4630, 9776)
(6664, 9757)
(1043, 9535)
(3859, 9408)
(3504, 9169)
(3116, 9143)
(6609, 8913)
(6696, 8626)
(4644, 8553)
(6616, 8340)
(4645, 8250)
(3211, 8237)
(3802, 7965)
(6670, 7869)
(3024, 7711)
(4401, 7399)
(3864, 7376)
(3102, 7146)
(3051, 6767)
(3851, 6761)
(3181, 6735)
(3109, 6408)
(2422, 6310)
(3855, 5983)
(1004, 5957)
(3113, 5834)
(3179, 5729)
(2015, 5576)
(3105, 5523)
(2424, 5455)
(4642, 5275)
(3801, 5190)
(3107, 5172)
(3193, 5026)
(3083, 4828)
(2010, 4783)
(6675, 4234)
(6677, 4158)
(8001, 4002)
(3140, 3934)
(3004, 3593)
(3156, 3451)
(6660, 3367)
(3222, 3196)
(3121, 2872)
(4632, 2770)
(1083, 2767)
(3139, 2502)
(1006, 2462)
(6029, 2293)
(4643, 2098)
(1027, 2031)
(4635, 1856)
(3155, 1853)
(3850, 1638)
(1035, 1553)
(2423, 1478)
(7004, 1441)
(1039, 1300)
(3858, 1188)
(3003, 1019)
(7005, 934)
(8020, 865)
(3119, 822)
(6035, 813)
(3854, 701)
(7008, 604)
(7007, 573)
(7013, 499)
(3400, 446)
(3863, 435)
(7006, 421)
(2419, 371)
(7012, 351)
(4638, 322)
(7003, 281)
(7017, 269)
(7011, 252)
(2403, 249)
(7002, 248)
(7001, 229)
(7015, 216)
(7019, 206)
(2140, 198)
(2139, 184)
(7014, 157)
(3862, 133)
(7010, 133)
(2138, 95)
(7021, 89)
(7020, 88)
(7009, 75)
(7023, 75)
(7000, 74)
(7024, 69)
(7018, 63)
(7022, 59)
(7016, 46)
(3599, 14)
(4641, 13)
(3600, 3)