(350, 40146)
(91, 24670)
(-1, 23784)
(7, 19549)
(238, 18489)
(104, 18409)
(164, 17699)
(711, 16044)
(119, 15653)
(39, 15442)
(246, 13616)
(114, 13179)
(38, 13039)
(117, 12825)
(777, 12662)
(28, 12607)
(141, 11951)
(64, 11817)
(166, 10713)
(236, 10683)
(24, 10254)
(53, 9354)
(23, 8983)
(157, 8519)
(17, 8340)
(89, 8093)
(112, 7973)
(234, 7087)
(67, 7055)
(412, 6888)
(25, 6229)
(55, 6060)
(267, 5987)
(122, 5536)
(35, 5498)
(121, 5336)
(120, 4847)
(245, 4846)
(203, 4549)
(223, 4478)
(498, 4415)
(30, 4339)
(56, 4227)
(9, 4131)
(51, 3951)
(5, 3607)
(517, 3597)
(555, 3468)
(360, 3249)
(4, 3123)
(111, 3111)
(76, 3076)
(26, 3075)
(107, 3070)
(54, 3025)
(92, 2942)
(32, 2942)
(8, 2928)
(99, 2889)
(84, 2655)
(875, 2652)
(222, 2600)
(85, 2536)
(78, 2461)
(21, 2373)
(126, 2129)
(81, 2121)
(16, 2018)
(11, 1865)
(34, 1821)
(432, 1766)
(60, 1745)
(202, 1707)
(523, 1578)
(421, 1543)
(20, 1542)
(101, 1519)
(154, 1482)
(142, 1449)
(105, 1427)
(266, 1394)
(58, 1385)
(887, 1276)
(37, 1165)
(254, 993)
(497, 985)
(29, 975)
(19, 914)
(27, 906)
(43, 874)
(115, 869)
(62, 849)
(59, 838)
(134, 831)
(3, 813)
(41, 810)
(98, 793)
(876, 736)
(69, 726)
(86, 700)
(75, 674)
(235, 674)
(48, 653)
(82, 644)
(131, 617)
(36, 587)
(90, 566)
(427, 547)
(12, 529)
(63, 524)
(10, 508)
(18, 499)
(68, 488)
(6, 484)
(45, 483)
(33, 479)
(1, 453)
(526, 453)
(143, 440)
(2, 428)
(77, 424)
(147, 420)
(40, 410)
(127, 406)
(13, 405)
(50, 389)
(106, 384)
(240, 382)
(80, 381)
(103, 378)
(74, 377)
(22, 356)
(14, 343)
(163, 343)
(31, 307)
(150, 296)
(145, 282)
(96, 246)
(420, 234)
(201, 233)
(57, 231)
(42, 224)
(79, 220)
(429, 218)
(83, 208)
(136, 193)
(516, 188)
(133, 180)
(61, 175)
(268, 167)
(44, 157)
(161, 149)
(72, 132)
(102, 130)
(113, 117)
(518, 100)
(15, 78)
(110, 42)