(0, 383979)
(3158, 131201)
(3047, 127811)
(2055, 114535)
(3020, 107369)
(3006, 96593)
(2031, 71717)
(3157, 67874)
(6673, 65640)
(1036, 62411)
(3853, 60616)
(3111, 59304)
(1082, 59173)
(1055, 58913)
(6671, 44919)
(3031, 44743)
(6632, 43657)
(3053, 41198)
(6655, 39672)
(6630, 39642)
(1028, 38507)
(3142, 37144)
(1052, 36095)
(3067, 35355)
(6692, 34462)
(6676, 34219)
(3152, 31884)
(1018, 30614)
(1037, 30477)
(6672, 30232)
(2033, 29828)
(3036, 29748)
(1056, 28946)
(1058, 27592)
(6656, 27366)
(2065, 27139)
(3916, 26271)
(3860, 26181)
(1054, 24445)
(3190, 24107)
(3009, 24029)
(3133, 24020)
(2421, 23957)
(3134, 23536)
(3089, 23169)
(1038, 22948)
(6653, 22921)
(3135, 22414)
(3042, 22205)
(3094, 22037)
(1029, 21975)
(3117, 21933)
(4629, 21899)
(6694, 21891)
(3076, 21259)
(3091, 19971)
(3011, 19906)
(3026, 19522)
(3508, 19366)
(1001, 19163)
(6333, 19081)
(3108, 18597)
(3070, 18426)
(3075, 18414)
(3153, 18091)
(2420, 18000)
(3041, 17723)
(3123, 16947)
(1026, 16876)
(4644, 16685)
(3035, 15867)
(6617, 15695)
(1011, 14949)
(3044, 14722)
(3857, 14701)
(3071, 14358)
(3033, 14116)
(3165, 13947)
(3115, 13520)
(4645, 13505)
(3001, 13076)
(6662, 12946)
(3046, 12848)
(3086, 12753)
(6695, 12665)
(1031, 12389)
(6691, 12335)
(1042, 12325)
(4628, 11860)
(3040, 11663)
(3078, 11221)
(1057, 11069)
(6693, 10843)
(3814, 10788)
(1033, 10769)
(4633, 10653)
(3114, 10594)
(4005, 10037)
(3124, 9789)
(1053, 9586)
(2422, 9545)
(4630, 9023)
(3072, 8832)
(3068, 8791)
(3145, 8553)
(3748, 8539)
(6696, 8475)
(3110, 8366)
(3085, 8289)
(3143, 8210)
(4637, 8115)
(3074, 8060)
(3742, 7929)
(3100, 7890)
(3859, 7425)
(3191, 7282)
(3065, 7098)
(8001, 6886)
(3082, 6829)
(4642, 6608)
(3107, 6474)
(6631, 6227)
(3102, 6148)
(4636, 5811)
(3057, 5776)
(3066, 5250)
(1004, 5190)
(3851, 4916)
(3051, 4867)
(3077, 4772)
(3504, 4710)
(6616, 4652)
(6609, 4636)
(3050, 4600)
(4643, 4407)
(6670, 4405)
(3116, 4323)
(3109, 4283)
(3181, 4179)
(2003, 4173)
(3855, 4100)
(3024, 4091)
(3113, 3987)
(3211, 3987)
(3802, 3954)
(2424, 3925)
(4401, 3892)
(6664, 3881)
(3222, 3798)
(3121, 3775)
(3179, 3752)
(3095, 3057)
(3105, 3024)
(3864, 2996)
(3140, 2988)
(1083, 2926)
(2015, 2827)
(1043, 2638)
(6675, 2478)
(2010, 2435)
(3156, 2425)
(3193, 2391)
(6677, 2387)
(3801, 2265)
(3004, 1650)
(3155, 1622)
(4632, 1610)
(6660, 1480)
(3139, 1480)
(3083, 1436)
(8020, 1280)
(6029, 1279)
(2423, 885)
(4635, 868)
(1006, 862)
(7005, 751)
(3850, 692)
(1027, 666)
(3119, 618)
(7004, 607)
(1035, 548)
(3858, 513)
(3003, 438)
(6035, 435)
(4638, 340)
(7008, 333)
(3854, 305)
(7006, 304)
(1039, 265)
(7013, 223)
(2139, 218)
(3400, 190)
(7007, 188)
(3863, 179)
(7001, 159)
(2403, 154)
(2140, 149)
(2419, 144)
(7012, 137)
(7014, 127)
(7011, 125)
(7017, 117)
(7024, 117)
(2138, 116)
(7015, 103)
(7019, 96)
(7023, 84)
(7002, 84)
(7020, 80)
(7021, 61)
(7000, 55)
(3862, 45)
(7022, 43)
(7018, 38)
(7010, 37)
(7003, 28)
(7009, 21)
(7016, 14)
(3599, 5)
(3600, 4)