(0, 168592)
(3158, 68252)
(3047, 63952)
(3020, 54876)
(2055, 52412)
(3006, 48955)
(3157, 37262)
(6673, 33959)
(3853, 31729)
(2031, 31687)
(3111, 30992)
(1082, 28568)
(1055, 28307)
(3031, 26094)
(1036, 25259)
(3053, 23344)
(6671, 22988)
(6632, 22260)
(6655, 20157)
(3142, 20047)
(6630, 20013)
(6676, 19179)
(6692, 17645)
(1028, 16577)
(3152, 16299)
(3036, 15834)
(3067, 15724)
(1052, 15348)
(6672, 15193)
(1058, 14787)
(3041, 14483)
(2065, 14435)
(2033, 14352)
(1037, 14069)
(6656, 14028)
(3089, 13950)
(2421, 13810)
(3860, 13682)
(1038, 13646)
(1056, 13577)
(1018, 12967)
(6694, 12753)
(3190, 12675)
(3094, 12602)
(4629, 12554)
(3009, 12386)
(3026, 12375)
(3135, 12178)
(3042, 11766)
(6653, 11636)
(3916, 11597)
(3091, 11567)
(1054, 11551)
(3011, 11455)
(6333, 11193)
(3133, 11037)
(3117, 10934)
(3508, 10535)
(3134, 10509)
(3075, 10250)
(2420, 10250)
(3076, 10066)
(1029, 9527)
(3153, 9439)
(4644, 8724)
(3108, 8521)
(6617, 8162)
(3071, 8071)
(3033, 7674)
(3035, 7471)
(3070, 7440)
(3857, 7436)
(1011, 7402)
(3046, 7385)
(4645, 7383)
(3123, 7378)
(3165, 7346)
(1026, 7275)
(3115, 7069)
(3001, 7020)
(6695, 6817)
(6662, 6630)
(4628, 6527)
(3814, 6498)
(3086, 6386)
(3040, 6293)
(6691, 6280)
(3044, 6201)
(1031, 6182)
(3078, 5936)
(3114, 5933)
(1001, 5812)
(3124, 5675)
(6693, 5656)
(4633, 5417)
(1057, 5415)
(4005, 5338)
(3072, 5202)
(1042, 5088)
(3748, 4981)
(3110, 4891)
(1033, 4787)
(3742, 4623)
(4637, 4599)
(6696, 4592)
(3074, 4583)
(3085, 4571)
(3143, 4522)
(3068, 4511)
(3100, 4499)
(4630, 4320)
(3107, 4045)
(3065, 4027)
(8001, 3862)
(1053, 3779)
(3145, 3724)
(3102, 3593)
(3082, 3521)
(3859, 3322)
(6631, 3235)
(2422, 3181)
(3191, 3132)
(4636, 3029)
(4643, 2978)
(3504, 2928)
(6616, 2821)
(3050, 2749)
(3066, 2736)
(6609, 2632)
(4642, 2561)
(3109, 2538)
(3077, 2444)
(3116, 2399)
(3222, 2345)
(3181, 2278)
(4401, 2218)
(3057, 2196)
(3024, 2192)
(3211, 2101)
(3051, 2094)
(6664, 2069)
(1004, 2062)
(3121, 2043)
(3179, 1979)
(3113, 1900)
(2003, 1867)
(3855, 1859)
(3095, 1764)
(3140, 1753)
(2424, 1628)
(3864, 1503)
(3105, 1435)
(3193, 1412)
(3156, 1403)
(3851, 1394)
(6675, 1393)
(2015, 1309)
(1083, 1202)
(3801, 1183)
(6677, 1135)
(1043, 1026)
(3802, 1004)
(6670, 904)
(3083, 879)
(3139, 864)
(2010, 863)
(3004, 850)
(4632, 817)
(3155, 795)
(8020, 733)
(6660, 506)
(7005, 450)
(2423, 425)
(6029, 350)
(7004, 347)
(3119, 331)
(1006, 307)
(4635, 284)
(3850, 277)
(1027, 274)
(6035, 271)
(3003, 254)
(1035, 247)
(4638, 228)
(7008, 208)
(7006, 202)
(3858, 173)
(7013, 141)
(1039, 121)
(7007, 118)
(7001, 116)
(3400, 115)
(2139, 106)
(3854, 102)
(7011, 83)
(7012, 83)
(7024, 82)
(2140, 80)
(7014, 80)
(7017, 75)
(7015, 74)
(2419, 70)
(2138, 63)
(7019, 62)
(7002, 57)
(2403, 55)
(7020, 53)
(7023, 49)
(7021, 46)
(3863, 45)
(7000, 35)
(7010, 31)
(7022, 30)
(7018, 25)
(7003, 20)
(3862, 17)
(7009, 12)
(7016, 11)
(3599, 2)
(3600, 2)